Year,Soft,Med,Hard
2002,15.1,62.6,22.4
2003,15.9,60.5,23.6
2004,14.5,58.9,26.6
2005,15.8,56.4,27.8
2006,11.2,61.6,27.2
2007,18.2,49.8,32
2008,16.9,55.9,27.1
2009,15.7,57.4,26.9
2010,18.1,51.8,30.1
2011,24.3,51.5,24.3
2012,15.7,55.9,28.5
2013,16.5,53.6,29.9
2014,18.3,52.6,29.1
2015,18.6,52.5,28.8
2016,18.8,49.9,31.4
2017,18.9,49.3,31.8
2018,18,46.7,35.3
2019,17,45,38
2020,16.5,50.3,33.3
2021,16.5,51.4,32.1